%YAML:1.0
---
calibration_type: BoofCV_Industrial_Precision
timestamp: "Mon Aug 25 22:38:25 2025"
rms_error: 2.4169407250194436e-01
baseline_mm: 7.0017229256052190e+01
precision_mm: 3.5008614628026097e-03
image_size: [ 1456, 1088 ]
camera_matrix_left: !!opencv-matrix
   rows: 3
   cols: 3
   dt: d
   data: [ 1.7729796303128353e+03, 0., 7.3833146152838935e+02, 0.,
       1.7729796303128353e+03, 5.2533306628765570e+02, 0., 0., 1. ]
camera_matrix_right: !!opencv-matrix
   rows: 3
   cols: 3
   dt: d
   data: [ 1.7844755240831712e+03, 0., 7.2279990995626372e+02, 0.,
       1.7844755240831712e+03, 5.1550902577667250e+02, 0., 0., 1. ]
dist_coeffs_left: !!opencv-matrix
   rows: 5
   cols: 1
   dt: d
   data: [ -4.2022871605956841e-01, 3.0505087938163566e-01, 0., 0., 0. ]
dist_coeffs_right: !!opencv-matrix
   rows: 5
   cols: 1
   dt: d
   data: [ -3.9599586227777339e-01, 1.7811300643951591e-01, 0., 0., 0. ]
R: !!opencv-matrix
   rows: 3
   cols: 3
   dt: d
   data: [ 9.9999391502025281e-01, -9.7516043087868579e-04,
       3.3494752725443003e-03, 1.0070830420981489e-03,
       9.9995396500852263e-01, -9.5422034918994491e-03,
       -3.3400159002099912e-03, 9.5455186275313613e-03,
       9.9994886237643066e-01 ]
T: !!opencv-matrix
   rows: 3
   cols: 1
   dt: d
   data: [ -7.0015579678868519e+01, 7.1311410371059675e-02,
       -4.7529949435626251e-01 ]
E: !!opencv-matrix
   rows: 3
   cols: 3
   dt: d
   data: [ 2.4048481617827786e-04, 4.7595831834414309e-01,
       6.6772359180255550e-02, -7.0914975155830584e-01,
       6.6879851330175855e-01, 7.0010407244607507e+01,
       -1.4182247941983206e-01, -7.0012286972189059e+01,
       6.6786405309337515e-01 ]
F: !!opencv-matrix
   rows: 3
   cols: 3
   dt: d
   data: [ 6.0876723137136725e-11, 1.2048487397713207e-07,
       -3.3371199849266032e-05, -1.7951533811756609e-07,
       1.6930075909082439e-07, 3.1465322679223050e-02,
       2.8433004750488899e-05, -3.1800668341814657e-02, 1. ]
R1: !!opencv-matrix
   rows: 3
   cols: 3
   dt: d
   data: [ 9.9994665677307892e-01, -1.9287762691593815e-03,
       1.0147089752521094e-02, 1.9771850992957411e-03,
       9.9998670293861214e-01, -4.7628442182075462e-03,
       -1.0137768365143976e-02, 4.7826528273875240e-03,
       9.9993717396869863e-01 ]
R2: !!opencv-matrix
   rows: 3
   cols: 3
   dt: d
   data: [ 9.9997644041043632e-01, -1.0184837521919061e-03,
       6.7883219516806986e-03, 9.8607257511954091e-04,
       9.9998810777757985e-01, 4.7761872128273090e-03,
       -6.7931056925198902e-03, -4.7693809097092638e-03,
       9.9996555276708832e-01 ]
P1: !!opencv-matrix
   rows: 3
   cols: 4
   dt: d
   data: [ 1.7554363918147687e+03, 0., 7.1305773162841797e+02, 0., 0.,
       1.7554363918147687e+03, 5.1547245788574219e+02, 0., 0., 0., 1.,
       0. ]
P2: !!opencv-matrix
   rows: 3
   cols: 4
   dt: d
   data: [ 1.7554363918147687e+03, 0., 7.1305773162841797e+02,
       -1.2291079229011171e+05, 0., 1.7554363918147687e+03,
       5.1547245788574219e+02, 0., 0., 0., 1., 0. ]
Q: !!opencv-matrix
   rows: 4
   cols: 4
   dt: d
   data: [ 1., 0., 0., -7.1305773162841797e+02, 0., 1., 0.,
       -5.1547245788574219e+02, 0., 0., 0., 1.7554363918147687e+03, 0.,
       0., 1.4282198976240714e-02, 0. ]
