%YAML:1.0
---
calibration_date: "2025-11-18T00:07:15"
calibration_method: "MATLAB_rectifyStereoImages_COMPLETE_EXPORT"
note: "Exported with official MATLAB stereoParametersToOpenCV + rectifyStereoImages"
dataset_path: "dataset_20251115_191610"
pattern_type: "checkerboard"
square_size_mm: 24.0
num_image_pairs: 34
valid_image_pairs: 34

image_width: 1280
image_height: 720

camera_matrix_left: !!opencv-matrix
   rows: 3
   cols: 3
   dt: d
   data: [ 1.5621609293062331e+03, -1.0208704296263500e+00, 6.4169056018760728e+02, 
       0.0000000000000000e+00, 1.5610328893642086e+03, 3.3620946762006434e+02, 
       0.0000000000000000e+00, 0.0000000000000000e+00, 1.0000000000000000e+00 ]

distortion_coeffs_left: !!opencv-matrix
   rows: 5
   cols: 1
   dt: d
   data: [ -3.9480515593308613e-01, 1.0557877205108553e-01, -1.9592686615544017e-04, 1.7264012511084524e-04, 3.1275085328898933e-01 ]

camera_matrix_right: !!opencv-matrix
   rows: 3
   cols: 3
   dt: d
   data: [ 1.5749788284394660e+03, -1.5283779263965573e+00, 6.2813046459618454e+02, 
       0.0000000000000000e+00, 1.5744414486260739e+03, 3.2423991735858027e+02, 
       0.0000000000000000e+00, 0.0000000000000000e+00, 1.0000000000000000e+00 ]

distortion_coeffs_right: !!opencv-matrix
   rows: 5
   cols: 1
   dt: d
   data: [ -3.7628388185732181e-01, -7.3958099840054747e-02, -7.4713810381976697e-04, 1.3910189543673015e-03, 9.6993793435826825e-01 ]

rotation_matrix: !!opencv-matrix
   rows: 3
   cols: 3
   dt: d
   data: [ 9.9996752491030383e-01, -4.3299360287149431e-03, 6.7971154726211820e-03, 
       4.4002586891765602e-03, 9.9993659689786729e-01, -1.0365322367415861e-02, 
       -6.7518033316467515e-03, 1.0394894819061983e-02, 9.9992317670582642e-01 ]

translation_vector: !!opencv-matrix
   rows: 3
   cols: 1
   dt: d
   data: [ -6.9825244815032363e+01, 5.5732504002130911e-01, 5.3880870312394169e-01 ]

baseline_mm: 6.9829547753784013e+01

rectification_transform_left: !!opencv-matrix
   rows: 3
   cols: 3
   dt: d
   data: [ 9.9988801756142076e-01, -3.5007478298893346e-03, -1.4549814491033269e-02, 
       3.5758992494465368e-03, 9.9998038460607985e-01, 5.1423095622958742e-03, 
       1.4531527161649712e-02, -5.1937623846492467e-03, 9.9988092268561768e-01 ]

rectification_transform_right: !!opencv-matrix
   rows: 3
   cols: 3
   dt: d
   data: [ 9.9993837939826258e-01, -7.9812208148078469e-03, -7.7160560315153665e-03, 
       7.9412356353316324e-03, 9.9995495309965587e-01, -5.1988987342820436e-03, 
       7.7572020059003700e-03, 5.1373033558919645e-03, 9.9995671602888359e-01 ]

projection_matrix_left: !!opencv-matrix
   rows: 3
   cols: 4
   dt: d
   data: [ 1.5621609293062331e+03, 0.0000000000000000e+00, 7.3769056018760728e+02, 0.0000000000000000e+00, 
       0.0000000000000000e+00, 1.5621609293062331e+03, 3.6422469248932231e+02, 0.0000000000000000e+00, 
       0.0000000000000000e+00, 0.0000000000000000e+00, 1.0000000000000000e+00, 0.0000000000000000e+00 ]

projection_matrix_right: !!opencv-matrix
   rows: 3
   cols: 4
   dt: d
   data: [ 1.5621609293062331e+03, 0.0000000000000000e+00, 7.3769056018760728e+02, -1.0908499121208522e+05, 
       0.0000000000000000e+00, 1.5621609293062331e+03, 3.6422469248932231e+02, 0.0000000000000000e+00, 
       0.0000000000000000e+00, 0.0000000000000000e+00, 1.0000000000000000e+00, 0.0000000000000000e+00 ]

disparity_to_depth_matrix: !!opencv-matrix
   rows: 4
   cols: 4
   dt: d
   data: [ 1.0000000000000000e+00, 0.0000000000000000e+00, 0.0000000000000000e+00, -7.3769056018760728e+02, 
       0.0000000000000000e+00, 1.0000000000000000e+00, 0.0000000000000000e+00, -3.6422469248932231e+02, 
       0.0000000000000000e+00, 0.0000000000000000e+00, 0.0000000000000000e+00, 1.5621609293062331e+03, 
       0.0000000000000000e+00, 0.0000000000000000e+00, 1.4320585370622148e-02, 0.0000000000000000e+00 ]

rms_reprojection_error: 9.5126339784139230e-02
opencv_version: "4.6.0"
