%YAML:1.0
---
R: !!opencv-matrix
   rows: 3
   cols: 3
   dt: d
   data: [ 9.9997450884089367e-01, -2.9792405951046749e-03,
       -6.4888977407557167e-03, 2.9917511724872111e-03,
       9.9999368313433989e-01, 1.9191446895209659e-03,
       6.4831391574935128e-03, -1.9385089357223690e-03,
       9.9997710528280137e-01 ]
T: !!opencv-matrix
   rows: 3
   cols: 1
   dt: d
   data: [ 6.9459417696316706e+01, 3.2639882612440324e-01,
       4.4644680664020804e+00 ]
R1: !!opencv-matrix
   rows: 3
   cols: 3
   dt: d
   data: [ 9.9833422986345144e-01, 1.5919604464424042e-03,
       5.7673487365395321e-02, -1.6452482309499380e-03,
       9.9999826246466250e-01, 8.7648497661483790e-04,
       -5.7671991826258331e-02, -9.6991215717631707e-04,
       9.9833511439255673e-01 ]
R2: !!opencv-matrix
   rows: 3
   cols: 3
   dt: d
   data: [ 9.9792980097170225e-01, 4.6894017599717628e-03,
       6.4141420655551340e-02, -4.6301291316170855e-03,
       9.9998870553814256e-01, -1.0727070309840890e-03,
       -6.4145726566961311e-02, 7.7350325361029621e-04,
       9.9794024242732760e-01 ]
P1: !!opencv-matrix
   rows: 3
   cols: 4
   dt: d
   data: [ 1.3477686457506481e+03, 0., 5.2814407348632812e+02, 0., 0.,
       1.3477686457506481e+03, 3.4541572570800781e+02, 0., 0., 0., 1.,
       0. ]
P2: !!opencv-matrix
   rows: 3
   cols: 4
   dt: d
   data: [ 1.3477686457506481e+03, 0., 5.2814407348632812e+02,
       9.3809429513016410e+04, 0., 1.3477686457506481e+03,
       3.4541572570800781e+02, 0., 0., 0., 1., 0. ]
Q: !!opencv-matrix
   rows: 4
   cols: 4
   dt: d
   data: [ 1., 0., 0., -5.2814407348632812e+02, 0., 1., 0.,
       -3.4541572570800781e+02, 0., 0., 0., 1.3477686457506481e+03, 0.,
       0., -1.4367091376071530e-02, 0. ]
