%YAML:1.0
---
M1: !!opencv-matrix
   rows: 3
   cols: 3
   dt: d
   data: [ 1.5763331197842440e+03, 0., 6.2788217551282412e+02, 0.,
       1.5707148332823085e+03, 3.4247261285643299e+02, 0., 0., 1. ]
D1: !!opencv-matrix
   rows: 1
   cols: 14
   dt: d
   data: [ -3.7543033617950677e-01, -1.8379641626869350e-01, 0., 0., 0.,
       0., 0., -1.3485253249266917e+00, 0., 0., 0., 0., 0., 0. ]
M2: !!opencv-matrix
   rows: 3
   cols: 3
   dt: d
   data: [ 1.5763331197842440e+03, 0., 6.5673135159479523e+02, 0.,
       1.5707148332823085e+03, 3.5159768094860806e+02, 0., 0., 1. ]
D2: !!opencv-matrix
   rows: 1
   cols: 14
   dt: d
   data: [ -4.2077283970107482e-01, 1.9025568701835407e-01, 0., 0., 0.,
       0., 0., -3.2456140264823669e-01, 0., 0., 0., 0., 0., 0. ]
